TOTAL VEHICLE COUNTS
------------------------------
  CAR             2175
  MOTORCYCLE      516
  TRICYCLE        263
  VAN             283
  BUS             1
  TRUCK           9
  TOTAL           3247

VEHICLE COUNTS PER 5-MINUTE INTERVAL
------------------------------------------------------------
Interval           Car      Motorcycle Tricycle Van      Bus      Truck    Total   
00:00:00-00:05:00 25       3        0        2        0        0        30      
00:05:00-00:10:00 17       4        2        0        0        0        23      
00:10:00-00:15:00 27       2        2        2        0        0        33      
00:15:00-00:20:00 23       9        1        5        0        0        38      
00:20:00-00:25:00 27       3        0        5        0        0        35      
00:25:00-00:30:00 19       2        0        0        0        0        21      
00:30:00-00:35:00 26       5        0        5        0        0        36      
00:35:00-00:40:00 25       1        0        5        0        0        31      
00:40:00-00:45:00 26       1        0        2        0        0        29      
00:45:00-00:50:00 43       7        0        8        0        0        58      
00:50:00-00:55:00 37       2        0        3        0        0        42      
00:55:00-01:00:00 32       4        1        6        0        0        43      
01:00:00-01:05:00 18       5        0        5        0        0        28      
01:05:00-01:10:00 47       2        1        7        0        0        57      
01:10:00-01:15:00 34       5        0        4        0        0        43      
01:15:00-01:20:00 26       5        0        6        0        0        37      
01:20:00-01:25:00 16       7        0        2        0        0        25      
01:25:00-01:30:00 46       4        2        8        0        0        60      
01:30:00-01:35:00 26       1        0        5        0        0        32      
01:35:00-01:40:00 43       9        1        1        0        0        54      
01:40:00-01:45:00 39       5        2        8        0        0        54      
01:45:00-01:50:00 40       4        1        2        0        1        48      
01:50:00-01:55:00 43       2        1        5        0        0        51      
01:55:00-02:00:00 24       5        0        3        0        0        32      
02:00:00-02:05:00 38       5        2        5        0        0        50      
02:05:00-02:10:00 15       5        1        1        0        0        22      
02:10:00-02:15:00 30       0        0        1        0        0        31      
02:15:00-02:20:00 44       6        2        5        0        0        57      
02:20:00-02:25:00 33       6        0        4        0        0        43      
02:25:00-02:30:00 41       13       1        5        0        0        60      
02:30:00-02:35:00 21       7        1        4        0        0        33      
02:35:00-02:40:00 35       6        0        4        0        0        45      
02:40:00-02:45:00 26       2        1        6        0        0        35      
02:45:00-02:50:00 20       2        0        3        0        0        25      
02:50:00-02:55:00 12       4        0        1        0        0        17      
02:55:00-03:00:00 24       8        2        3        0        0        37      
03:00:00-03:05:00 17       3        2        0        0        0        22      
03:05:00-03:10:00 10       3        0        2        0        0        15      
03:10:00-03:15:00 9        2        2        5        0        0        18      
03:15:00-03:20:00 8        2        1        0        0        0        11      
03:20:00-03:25:00 14       10       2        0        0        0        26      
03:25:00-03:30:00 14       7        0        1        0        0        22      
03:30:00-03:35:00 20       3        1        1        0        0        25      
03:35:00-03:40:00 7        8        2        0        0        0        17      
03:40:00-03:45:00 11       3        0        1        0        0        15      
03:45:00-03:50:00 6        7        1        0        0        0        14      
03:50:00-03:55:00 11       7        1        1        0        0        20      
03:55:00-04:00:00 6        3        2        3        0        0        14      
04:00:00-04:05:00 3        6        2        1        0        0        12      
04:05:00-04:10:00 4        2        1        0        0        0        7       
04:10:00-04:15:00 10       5        3        1        0        0        19      
04:15:00-04:20:00 5        2        2        2        0        1        12      
04:20:00-04:25:00 7        6        2        1        0        0        16      
04:25:00-04:30:00 5        2        2        1        0        0        10      
04:30:00-04:35:00 4        4        0        0        0        0        8       
04:35:00-04:40:00 10       5        3        0        0        0        18      
04:40:00-04:45:00 9        10       2        2        0        0        23      
04:45:00-04:50:00 9        5        3        0        0        0        17      
04:50:00-04:55:00 9        2        4        0        0        0        15      
04:55:00-05:00:00 4        4        2        2        0        0        12      
05:00:00-05:05:00 13       4        5        2        0        0        24      
05:05:00-05:10:00 11       4        7        2        0        0        24      
05:10:00-05:15:00 14       4        3        0        0        0        21      
05:15:00-05:20:00 12       9        2        2        0        0        25      
05:20:00-05:25:00 10       2        2        2        0        0        16      
05:25:00-05:30:00 10       2        1        0        0        0        13      
05:30:00-05:35:00 12       7        3        3        0        1        26      
05:35:00-05:40:00 3        11       4        1        0        0        19      
05:40:00-05:45:00 8        4        0        1        0        0        13      
05:45:00-05:50:00 10       7        2        0        0        1        20      
05:50:00-05:55:00 13       5        4        0        0        0        22      
05:55:00-06:00:00 3        6        0        1        0        0        10      
06:00:00-06:05:00 7        4        0        0        0        0        11      
06:05:00-06:10:00 3        6        2        0        0        0        11      
06:10:00-06:15:00 11       4        3        0        0        0        18      
06:15:00-06:20:00 12       2        4        1        0        0        19      
06:20:00-06:25:00 10       3        4        0        0        0        17      
06:25:00-06:30:00 11       4        1        2        0        0        18      
06:30:00-06:35:00 5        2        6        0        0        0        13      
06:35:00-06:40:00 13       2        7        0        0        0        22      
06:40:00-06:45:00 13       3        7        0        0        0        23      
06:45:00-06:50:00 9        4        5        0        0        0        18      
06:50:00-06:55:00 10       3        3        0        0        0        16      
06:55:00-07:00:00 6        4        0        1        0        0        11      
07:00:00-07:05:00 4        2        1        1        0        0        8       
07:05:00-07:10:00 6        2        1        0        0        0        9       
07:10:00-07:15:00 4        3        2        0        0        1        10      
07:15:00-07:20:00 12       6        3        0        0        0        21      
07:20:00-07:25:00 7        6        2        2        0        1        18      
07:25:00-07:30:00 5        6        1        1        0        0        13      
07:30:00-07:35:00 5        2        1        3        0        0        11      
07:35:00-07:40:00 4        0        1        1        0        0        6       
07:40:00-07:45:00 7        3        2        0        0        0        12      
07:45:00-07:50:00 6        2        2        1        0        0        11      
07:50:00-07:55:00 9        3        4        0        0        0        16      
07:55:00-08:00:00 11       2        5        0        0        0        18      
08:00:00-08:05:00 9        5        9        5        0        0        28      
08:05:00-08:10:00 16       4        7        4        0        0        31      
08:10:00-08:15:00 10       1        3        2        0        0        16      
08:15:00-08:20:00 15       0        2        2        0        1        20      
08:20:00-08:25:00 7        2        2        2        0        0        13      
08:25:00-08:30:00 8        4        3        1        0        0        16      
08:30:00-08:35:00 8        2        1        1        0        0        12      
08:35:00-08:40:00 4        3        4        2        0        0        13      
08:40:00-08:45:00 11       3        2        3        0        0        19      
08:45:00-08:50:00 6        5        3        1        0        0        15      
08:50:00-08:55:00 7        1        2        0        0        0        10      
08:55:00-09:00:00 3        3        1        0        0        0        7       
09:00:00-09:05:00 14       2        3        3        0        1        23      
09:05:00-09:10:00 26       2        5        4        0        0        37      
09:10:00-09:15:00 34       6        2        9        0        0        51      
09:15:00-09:20:00 28       1        3        5        0        0        37      
09:20:00-09:25:00 32       4        2        7        0        0        45      
09:25:00-09:30:00 20       3        7        6        0        0        36      
09:30:00-09:35:00 37       5        3        4        0        0        49      
09:35:00-09:40:00 41       4        4        8        0        1        58      
09:40:00-09:45:00 39       6        3        2        0        0        50      
09:45:00-09:50:00 40       4        5        0        0        0        49      
09:50:00-09:55:00 24       1        4        4        0        0        33      
09:55:00-10:00:00 16       3        2        2        0        0        23      
10:00:00-10:05:00 28       3        4        3        0        0        38      
10:05:00-10:10:00 18       3        0        1        0        0        22      
10:10:00-10:15:00 22       11       5        0        0        0        38      
10:15:00-10:20:00 24       7        5        2        1        0        39      
10:20:00-10:25:00 39       4        3        8        0        0        54    
